15
15
16
16
17
17
18
18
19
19
20
20
21
21
22
22
23
23
24
24
25
25
26
26
27
27
28
28
29
29
30
30
31
31
32
32
33
33
34
34
35
35
36
36
37
37
38
38
39
39
40
40
41
41
42
42
43
43
44
44
45
45
46
46
47
47
48
48
49
49
50
50
51
51
52
52
53
53
54
54
55
55
56
56
57
57
58
58
59
59
60
60
61
61
62
62
63
63
64
64
65
65
66
66
67
67
68
68
69
69
70
70
71
71
72
72
73
73
74
74
75
75
76
76
77
77
78
78
79
79
80
78
81
78
82
78
83
78
84
78
85
78
86
78
87
78
88
78
89
78
90
78
91
78
92
78
93
78
94
78
95
78
96
78
97
78
98
78
99
79
100
80
101
81
102
82
103
83
104
84
105
85
106
86
107
87
108
88
109
89
110
90
111
91
112
92
113
93
114
94
115
95
116
96
117
97
118
98
119
99
120
100
120
101
120
102
120
103
120
104
120
105
120
106
120
107
120
108
120
109
120
110
120
111
120
112
120
113
120
114
120
115
120
116
120
117
120
118
120
119
120
120
